   0.00000000       0.00000000       1.97996759    
   9.99999978E-03   1.97996758E-02   1.93978179    
   1.99999996E-02   3.91974933E-02   1.89943051    
   2.99999993E-02   5.81917986E-02   1.85893929    
   3.99999991E-02   7.67811909E-02   1.81832910    
   4.99999970E-02   9.49644819E-02   1.77762210    
   5.99999949E-02  0.112740703       1.73684287    
   6.99999928E-02  0.130109131       1.69600999    
   7.99999908E-02  0.147069231       1.65514648    
   8.99999887E-02  0.163620695       1.61427259    
   9.99999866E-02  0.179763421       1.57341063    
  0.109999985      0.195497528       1.53257704    
  0.119999982      0.210823298       1.49179399    
  0.129999980      0.225741237       1.45107961    
  0.139999986      0.240252033       1.41045606    
  0.149999991      0.254356593       1.36993229    
  0.159999996      0.268055916       1.32954121    
  0.170000002      0.281351328       1.28928423    
  0.180000007      0.294244170       1.24919116    
  0.190000013      0.306736082       1.20926797    
  0.200000018      0.318828762       1.16954744    
  0.210000023      0.330524236       1.13002360    
  0.220000029      0.341824472       1.09072626    
  0.230000034      0.352731735       1.05166733    
  0.240000039      0.363248408       1.01286173    
  0.250000030      0.373377025      0.974321365    
  0.260000020      0.383120239      0.936067104    
  0.270000011      0.392480910      0.898098946    
  0.280000001      0.401461899      0.860446692    
  0.289999992      0.410066366      0.823104382    
  0.299999982      0.418297410      0.786104798    
  0.309999973      0.426158458      0.749441981    
  0.319999963      0.433652878      0.713133812    
  0.329999954      0.440784216      0.677195191    
  0.339999944      0.447556168      0.641635060    
  0.349999934      0.453972518      0.606450438    
  0.359999925      0.460037023      0.571674109    
  0.369999915      0.465753764      0.537300110    
  0.379999906      0.471126765      0.503334403    
  0.389999896      0.476160109      0.469797850    
  0.399999887      0.480858088      0.436699390    
  0.409999877      0.485225081      0.404030085    
  0.419999868      0.489265382      0.371801853    
  0.429999858      0.492983401      0.340044498    
  0.439999849      0.496383846      0.308737159    
  0.449999839      0.499471217      0.277903676    
  0.459999830      0.502250254      0.247532129    
  0.469999820      0.504725575      0.217652321    
  0.479999810      0.506902099      0.188243389    
  0.489999801      0.508784533      0.159341097    
  0.499999791      0.510377944      0.130915642    
  0.509999812      0.511687100      0.102996826    
  0.519999802      0.512717068       7.55727291E-02
  0.529999793      0.513472795       4.86552715E-02
  0.539999783      0.513959348       2.22563744E-02
  0.549999774      0.514181912      -3.63588333E-03
  0.559999764      0.514145553      -2.90155411E-02
  0.569999754      0.513855398      -5.38825989E-02
  0.579999745      0.513316572      -7.82251358E-02
  0.589999735      0.512534320     -0.102037191    
  0.599999726      0.511513948     -0.125348568    
  0.609999716      0.510260463     -0.148117542    
  0.619999707      0.508779287     -0.170373917    
  0.629999697      0.507075548     -0.192093849    
  0.639999688      0.505154610     -0.213301182    
  0.649999678      0.503021598     -0.233983994    
  0.659999669      0.500681758     -0.254127383    
  0.669999659      0.498140484     -0.273755193    
  0.679999650      0.495402932     -0.292861462    
  0.689999640      0.492474318     -0.311434269    
  0.699999630      0.489359975     -0.329494476    
  0.709999621      0.486065030     -0.347030163    
  0.719999611      0.482594728     -0.364047289    
  0.729999602      0.478954256     -0.380548835    
  0.739999592      0.475148767     -0.396531820    
  0.749999583      0.471183449     -0.412008166    
  0.759999573      0.467063367     -0.426965952    
  0.769999564      0.462793708     -0.441423059    
  0.779999554      0.458379477     -0.455367565    
  0.789999545      0.453825802     -0.468820333    
  0.799999535      0.449137598     -0.481769443    
  0.809999526      0.444319904     -0.494223833    
  0.819999516      0.439377666     -0.506186485    
  0.829999506      0.434315801     -0.517663360    
  0.839999497      0.429139167     -0.528654456    
  0.849999487      0.423852623     -0.539168715    
  0.859999478      0.418460935     -0.549203157    
  0.869999468      0.412968904     -0.558775663    
  0.879999459      0.407381147     -0.567877293    
  0.889999449      0.401702374     -0.576514006    
  0.899999440      0.395937234     -0.584700704    
  0.909999430      0.390090227     -0.592431426    
  0.919999421      0.384165913     -0.599718094    
  0.929999411      0.378168732     -0.606557727    
  0.939999402      0.372103155     -0.612971187    
  0.949999392      0.365973443     -0.618949533    
  0.959999382      0.359783947     -0.624501705    
  0.969999373      0.353538930     -0.629636645    
  0.979999363      0.347242564     -0.634360313    
  0.989999354      0.340898961     -0.638672709    
  0.999999344      0.334512234     -0.642585754    
   1.00999939      0.328086376     -0.646102428    
   1.01999938      0.321625352     -0.649228692    
   1.02999938      0.315133065     -0.651970506    
   1.03999937      0.308613360     -0.654339790    
   1.04999936      0.302069962     -0.656333566    
   1.05999935      0.295506626     -0.657966733    
   1.06999934      0.288926959     -0.659242272    
   1.07999933      0.282334536     -0.660163164    
   1.08999932      0.275732905     -0.660738349    
   1.09999931      0.269125521     -0.660976768    
   1.10999930      0.262515754     -0.660884380    
   1.11999929      0.255906910     -0.660467148    
   1.12999928      0.249302238     -0.659726560    
   1.13999927      0.242704973     -0.658679008    
   1.14999926      0.236118183     -0.657324493    
   1.15999925      0.229544938     -0.655671954    
   1.16999924      0.222988218     -0.653727353    
   1.17999923      0.216450945     -0.651495159    
   1.18999922      0.209935993     -0.648987293    
   1.19999921      0.203446120     -0.646208227    
   1.20999920      0.196984038     -0.643162429    
   1.21999919      0.190552413     -0.639863312    
   1.22999918      0.184153780     -0.636304915    
   1.23999918      0.177790731     -0.632505119    
   1.24999917      0.171465680     -0.628471375    
   1.25999916      0.165180966     -0.624202192    
   1.26999915      0.158938944     -0.619710982    
   1.27999914      0.152741835     -0.614999235    
   1.28999913      0.146591842     -0.610078871    
   1.29999912      0.140491053     -0.604952872    
   1.30999911      0.134441525     -0.599630177    
   1.31999910      0.128445223     -0.594113052    
   1.32999909      0.122504093     -0.588412583    
   1.33999908      0.116619967     -0.582534850    
   1.34999907      0.110794619     -0.576484978    
   1.35999906      0.105029769     -0.570268929    
   1.36999905       9.93270800E-02 -0.563892722    
   1.37999904       9.36881527E-02 -0.557366014    
   1.38999903       8.81144926E-02 -0.550689578    
   1.39999902       8.26075971E-02 -0.543875277    
   1.40999901       7.71688446E-02 -0.536925375    
   1.41999900       7.17995912E-02 -0.529848039    
   1.42999899       6.65011108E-02 -0.522648156    
   1.43999898       6.12746291E-02 -0.515332103    
   1.44999897       5.61213084E-02 -0.507905722    
   1.45999897       5.10422513E-02 -0.500375807    
   1.46999896       4.60384935E-02 -0.492746383    
   1.47999895       4.11110297E-02 -0.485024244    
   1.48999894       3.62607874E-02 -0.477214903    
   1.49999893       3.14886384E-02 -0.469324380    
   1.50999892       2.67953947E-02 -0.461357653    
   1.51999891       2.21818183E-02 -0.453320146    
   1.52999890       1.76486168E-02 -0.445217282    
   1.53999889       1.31964441E-02 -0.437054783    
   1.54999888       8.82589631E-03 -0.428837359    
   1.55999887       4.53752279E-03 -0.420570463    
   1.56999886       3.31818330E-04 -0.412259012    
   1.57999885      -3.79077205E-03 -0.403908044    
   1.58999884      -7.82985240E-03 -0.395522743    
   1.59999883      -1.17850797E-02 -0.387107313    
   1.60999882      -1.56561527E-02 -0.378667206    
   1.61999881      -1.94428246E-02 -0.370206505    
   1.62999880      -2.31448896E-02 -0.361730367    
   1.63999879      -2.67621931E-02 -0.353242844    
   1.64999878      -3.02946214E-02 -0.344748616    
   1.65999877      -3.37421075E-02 -0.336251795    
   1.66999876      -3.71046253E-02 -0.327756643    
   1.67999876      -4.03821915E-02 -0.319268197    
   1.68999875      -4.35748734E-02 -0.310789049    
   1.69999874      -4.66827638E-02 -0.302324086    
   1.70999873      -4.97060046E-02 -0.293876618    
   1.71999872      -5.26447706E-02 -0.285452604    
   1.72999871      -5.54992966E-02 -0.277052075    
   1.73999870      -5.82698174E-02 -0.268682092    
   1.74999869      -6.09566383E-02 -0.260344535    
   1.75999868      -6.35600835E-02 -0.252042711    
   1.76999867      -6.60805106E-02 -0.243781507    
   1.77999866      -6.85183257E-02 -0.235561281    
   1.78999865      -7.08739385E-02 -0.227389485    
   1.79999864      -7.31478333E-02 -0.219265372    
   1.80999863      -7.53404871E-02 -0.211194903    
   1.81999862      -7.74524361E-02 -0.203178823    
   1.82999861      -7.94842243E-02 -0.195220858    
   1.83999860      -8.14364329E-02 -0.187323242    
   1.84999859      -8.33096653E-02 -0.179491937    
   1.85999858      -8.51045847E-02 -0.171723962    
   1.86999857      -8.68218243E-02 -0.164026022    
   1.87999856      -8.84620845E-02 -0.156398863    
   1.88999856      -9.00260732E-02 -0.148845464    
   1.89999855      -9.15145278E-02 -0.141368806    
   1.90999854      -9.29282159E-02 -0.133968145    
   1.91999853      -9.42678973E-02 -0.126650184    
   1.92999852      -9.55343992E-02 -0.119411945    
   1.93999851      -9.67285186E-02 -0.112261623    
   1.94999850      -9.78511348E-02 -0.105193257    
   1.95999849      -9.89030674E-02  -9.82135534E-02
   1.96999848      -9.98852029E-02  -9.13269818E-02
   1.97999847     -0.100798473      -8.45268369E-02
   1.98999846     -0.101643741      -7.78220594E-02
   1.99999845     -0.102421962      -7.12133944E-02
   2.00999856     -0.103134096      -6.46941364E-02
   2.01999855     -0.103781037      -5.82776964E-02
   2.02999854     -0.104363814      -5.19581139E-02
   2.03999853     -0.104883395      -4.57368791E-02
   2.04999852     -0.105340764      -3.96162271E-02
   2.05999851     -0.105736926      -3.35976481E-02
   2.06999850     -0.106072903      -2.76826322E-02
   2.07999849     -0.106349729      -2.18696892E-02
   2.08999848     -0.106568426      -1.61610544E-02
   2.09999847     -0.106730036      -1.05574727E-02
   2.10999846     -0.106835611      -5.06043434E-03
   2.11999846     -0.106886216       3.30805779E-04
   2.12999845     -0.106882907       5.61475754E-03
   2.13999844     -0.106826760       1.07914209E-02
   2.14999843     -0.106718846       1.58622861E-02
   2.15999842     -0.106560223       2.08213925E-02
   2.16999841     -0.106352009       2.56732106E-02
   2.17999840     -0.106095277       3.04177403E-02
   2.18999839     -0.105791099       3.50527465E-02
   2.19999838     -0.105440572       3.95767391E-02
   2.20999837     -0.105044805       4.39934433E-02
   2.21999836     -0.104604870       4.83006239E-02
   2.22999835     -0.104121864       5.24982810E-02
   2.23999834     -0.103596881       5.65871596E-02
   2.24999833     -0.103031009       6.05665147E-02
   2.25999832     -0.102425344       6.44370914E-02
   2.26999831     -0.101780973       6.81996346E-02
   2.27999830     -0.101098977       7.18533993E-02
   2.28999829     -0.100380443       7.54006207E-02
   2.29999828      -9.96264368E-02   7.88375735E-02
   2.30999827      -9.88380611E-02   8.21709633E-02
   2.31999826      -9.80163515E-02   8.53940845E-02
   2.32999825      -9.71624106E-02   8.85136425E-02
   2.33999825      -9.62772742E-02   9.15266573E-02
   2.34999824      -9.53620076E-02   9.44346189E-02
   2.35999823      -9.44176614E-02   9.72390175E-02
   2.36999822      -9.34452713E-02   9.99383628E-02
   2.37999821      -9.24458876E-02  0.102537125    
   2.38999820      -9.14205164E-02  0.105030835    
   2.39999819      -9.03702080E-02  0.107424706    
   2.40999818      -8.92959610E-02  0.109718740    
   2.41999817      -8.81987736E-02  0.111911446    
   2.42999816      -8.70796591E-02  0.114005804    
   2.43999815      -8.59396011E-02  0.116002560    
   2.44999814      -8.47795755E-02  0.117902458    
   2.45999813      -8.36005509E-02  0.119705498    
   2.46999812      -8.24034959E-02  0.121414661    
   2.47999811      -8.11893493E-02  0.123029947    
   2.48999810      -7.99590498E-02  0.124551356    
   2.49999809      -7.87135363E-02  0.125981867    
   2.50999808      -7.74537176E-02  0.127320737    
   2.51999807      -7.61805102E-02  0.128570944    
   2.52999806      -7.48948008E-02  0.129731745    
   2.53999805      -7.35974833E-02  0.130807608    
   2.54999804      -7.22894073E-02  0.131794810    
   2.55999804      -7.09714592E-02  0.132698566    
   2.56999803      -6.96444735E-02  0.133518130    
   2.57999802      -6.83092922E-02  0.134256482    
   2.58999801      -6.69667274E-02  0.134912133    
   2.59999800      -6.56176060E-02  0.135488808    
   2.60999799      -6.42627180E-02  0.135987252    
   2.61999798      -6.29028454E-02  0.136408582    
   2.62999797      -6.15387596E-02  0.136753172    
   2.63999796      -6.01712279E-02  0.137024000    
   2.64999795      -5.88009879E-02  0.137221441    
   2.65999794      -5.74287735E-02  0.137347355    
   2.66999793      -5.60552999E-02  0.137402490    
   2.67999792      -5.46812750E-02  0.137388706    
   2.68999791      -5.33073880E-02  0.137306750    
   2.69999790      -5.19343205E-02  0.137158483    
   2.70999789      -5.05627356E-02  0.136945397    
   2.71999788      -4.91932817E-02  0.136669725    
   2.72999787      -4.78265844E-02  0.136329979    
   2.73999786      -4.64632846E-02  0.135931000    
   2.74999785      -4.51039746E-02  0.135471672    
   2.75999784      -4.37492579E-02  0.134955347    
   2.76999784      -4.23997045E-02  0.134381279    
   2.77999783      -4.10558917E-02  0.133752823    
   2.78999782      -3.97183634E-02  0.133070722    
   2.79999781      -3.83876562E-02  0.132335722    
   2.80999780      -3.70642990E-02  0.131550431    
   2.81999779      -3.57487947E-02  0.130714849    
   2.82999778      -3.44416462E-02  0.129831582    
   2.83999777      -3.31433304E-02  0.128901377    
   2.84999776      -3.18543166E-02  0.127925545    
   2.85999775      -3.05750612E-02  0.126905933    
   2.86999774      -2.93060020E-02  0.125843853    
   2.87999773      -2.80475635E-02  0.124740414    
   2.88999772      -2.68001594E-02  0.123596936    
   2.89999771      -2.55641900E-02  0.122415088    
   2.90999770      -2.43400391E-02  0.121195987    
   2.91999769      -2.31280793E-02  0.119940750    
   2.92999768      -2.19286717E-02  0.118651614    
   2.93999767      -2.07421556E-02  0.117328763    
   2.94999766      -1.95688680E-02  0.115974247    
   2.95999765      -1.84091255E-02  0.114588998    
   2.96999764      -1.72632355E-02  0.113174692    
   2.97999763      -1.61314886E-02  0.111731984    
   2.98999763      -1.50141688E-02  0.110262915    
   2.99999762      -1.39115397E-02  0.108768143    
   3.00999761      -1.28238583E-02  0.107249156    
   3.01999760      -1.17513668E-02  0.105707347    
   3.02999759      -1.06942933E-02  0.104143471    
   3.03999758      -9.65285860E-03  0.102559105    
   3.04999757      -8.62726755E-03  0.100955322    
   3.05999756      -7.61771435E-03   9.93334278E-02
   3.06999755      -6.62438013E-03   9.76944342E-02
   3.07999754      -5.64743578E-03   9.60394740E-02
   3.08999753      -4.68704104E-03   9.43697989E-02
   3.09999752      -3.74334306E-03   9.26864147E-02
   3.10999751      -2.81647895E-03   9.09905583E-02
   3.11999750      -1.90657342E-03   8.92831981E-02
   3.12999749      -1.01374148E-03   8.75654444E-02
   3.13999748      -1.38087067E-04   8.58383775E-02
   3.14999747       7.20296637E-04   8.41030180E-02
   3.15999746       1.56132679E-03   8.23603868E-02
   3.16999745       2.38493062E-03   8.06114674E-02
   3.17999744       3.19104525E-03   7.88572505E-02
   3.18999743       3.97961773E-03   7.70988390E-02
   3.19999743       4.75060614E-03   7.53370151E-02
   3.20999742       5.50397625E-03   7.35727623E-02
   3.21999741       6.23970386E-03   7.18071163E-02
   3.22999740       6.95777498E-03   7.00408146E-02
   3.23999739       7.65818311E-03   6.82746544E-02
   3.24999738       8.34092963E-03   6.65100291E-02
   3.25999737       9.00602993E-03   6.47472218E-02
   3.26999736       9.65350214E-03   6.29872084E-02
   3.27999735       1.02833742E-02   6.12310134E-02
   3.28999734       1.08956844E-02   5.94791025E-02
   3.29999733       1.14904754E-02   5.77326864E-02
   3.30999732       1.20678023E-02   5.59920445E-02
   3.31999731       1.26277227E-02   5.42582013E-02
   3.32999730       1.31703047E-02   5.25319949E-02
   3.33999729       1.36956247E-02   5.08137047E-02
   3.34999728       1.42037617E-02   4.91046347E-02
   3.35999727       1.46948081E-02   4.74045984E-02
   3.36999726       1.51688540E-02   4.57153656E-02
   3.37999725       1.56260077E-02   4.40364704E-02
   3.38999724       1.60663724E-02   4.23690304E-02
   3.39999723       1.64900627E-02   4.07138839E-02
   3.40999722       1.68972015E-02   3.90714034E-02
   3.41999722       1.72879156E-02   3.74421477E-02
   3.42999721       1.76623370E-02   3.58261168E-02
   3.43999720       1.80205982E-02   3.42246145E-02
   3.44999719       1.83628444E-02   3.26380134E-02
   3.45999718       1.86892245E-02   3.10666859E-02
   3.46999717       1.89998914E-02   2.95110047E-02
   3.47999716       1.92950014E-02   2.79715285E-02
   3.48999715       1.95747167E-02   2.64486298E-02
   3.49999714       1.98392030E-02   2.49428675E-02
   3.50999713       2.00886317E-02   2.34546140E-02
   3.51999712       2.03231778E-02   2.19838694E-02
   3.52999711       2.05430165E-02   2.05321237E-02
   3.53999710       2.07483377E-02   1.90980732E-02
   3.54999709       2.09393185E-02   1.76835805E-02
   3.55999708       2.11161543E-02   1.62882730E-02
   3.56999707       2.12790370E-02   1.49123371E-02
   3.57999706       2.14281604E-02   1.35561451E-02
   3.58999705       2.15637218E-02   1.22204423E-02
   3.59999704       2.16859262E-02   1.09048560E-02
   3.60999703       2.17949748E-02   9.61013138E-03
   3.61999702       2.18910761E-02   8.33626837E-03
   3.62999701       2.19744388E-02   7.08345324E-03
   3.63999701       2.20452733E-02   5.85187227E-03
   3.64999700       2.21037921E-02   4.64171171E-03
   3.65999699       2.21502092E-02   3.45353037E-03
   3.66999698       2.21847445E-02   2.28695571E-03
   3.67999697       2.22076140E-02   1.14236027E-03
   3.68999696       2.22190376E-02   1.97440386E-05
   3.69999695       2.22192351E-02  -1.08052045E-03
   3.70999694       2.22084299E-02  -2.15843320E-03
   3.71999693       2.21868455E-02  -3.21380794E-03
   3.72999692       2.21547075E-02  -4.24701720E-03
   3.73999691       2.21122373E-02  -5.25750220E-03
   3.74999690       2.20596623E-02  -6.24526292E-03
   3.75999689       2.19972096E-02  -7.21048564E-03
   3.76999688       2.19251048E-02  -8.15317035E-03
   3.77999687       2.18435731E-02  -9.07294452E-03
   3.78999686       2.17528436E-02  -9.97018069E-03
   3.79999685       2.16531418E-02  -1.08443201E-02
   3.80999684       2.15446986E-02  -1.16962940E-02
   3.81999683       2.14277357E-02  -1.25253573E-02
   3.82999682       2.13024821E-02  -1.33318827E-02
   3.83999681       2.11691633E-02  -1.41158700E-02
   3.84999681       2.10280046E-02  -1.48771331E-02
   3.85999680       2.08792333E-02  -1.56160444E-02
   3.86999679       2.07230728E-02  -1.63326040E-02
   3.87999678       2.05597468E-02  -1.70269981E-02
   3.88999677       2.03894768E-02  -1.76990405E-02
   3.89999676       2.02124864E-02  -1.83494762E-02
   3.90999675       2.00289916E-02  -1.89773738E-02
   3.91999674       1.98392179E-02  -1.95834786E-02
   3.92999673       1.96433831E-02  -2.01683491E-02
   3.93999672       1.94416996E-02  -2.07312405E-02
   3.94999671       1.92343872E-02  -2.12730840E-02
   3.95999670       1.90216564E-02  -2.17931345E-02
   3.96999669       1.88037250E-02  -2.22923234E-02
   3.97999668       1.85808018E-02  -2.27710232E-02
   3.98999667       1.83530916E-02  -2.32284889E-02
   3.99999666       1.81208067E-02  -2.36660242E-02
   4.00999689       1.78841464E-02  -2.40828842E-02
   4.01999712       1.76433176E-02  -2.44792551E-02
   4.02999735       1.73985250E-02  -2.48558819E-02
   4.03999758       1.71499662E-02  -2.52125785E-02
   4.04999781       1.68978404E-02  -2.55500898E-02
   4.05999804       1.66423395E-02  -2.58678570E-02
   4.06999826       1.63836610E-02  -2.61666253E-02
   4.07999849       1.61219947E-02  -2.64465809E-02
   4.08999872       1.58575289E-02  -2.67078169E-02
   4.09999895       1.55904507E-02  -2.69508921E-02
   4.10999918       1.53209418E-02  -2.71757133E-02
   4.11999941       1.50491847E-02  -2.73823738E-02
   4.12999964       1.47753609E-02  -2.75716186E-02
   4.13999987       1.44996447E-02  -2.77435407E-02
   4.15000010       1.42222093E-02  -2.78981403E-02
   4.16000032       1.39432279E-02  -2.80358829E-02
   4.17000055       1.36628691E-02  -2.81571411E-02
   4.18000078       1.33812977E-02  -2.82621011E-02
   4.19000101       1.30986767E-02  -2.83508562E-02
   4.20000124       1.28151681E-02  -2.84237787E-02
   4.21000147       1.25309303E-02  -2.84813344E-02
   4.22000170       1.22461170E-02  -2.85235234E-02
   4.23000193       1.19608818E-02  -2.85508111E-02
   4.24000216       1.16753737E-02  -2.85634771E-02
   4.25000238       1.13897389E-02  -2.85617076E-02
   4.26000261       1.11041218E-02  -2.85457820E-02
   4.27000284       1.08186640E-02  -2.85160728E-02
   4.28000307       1.05335033E-02  -2.84728594E-02
   4.29000330       1.02487747E-02  -2.84165144E-02
   4.30000353       9.96460952E-03  -2.83469446E-02
   4.31000376       9.68114007E-03  -2.82648951E-02
   4.32000399       9.39849112E-03  -2.81705521E-02
   4.33000422       9.11678560E-03  -2.80640088E-02
   4.34000444       8.83614551E-03  -2.79455446E-02
   4.35000467       8.55669007E-03  -2.78159976E-02
   4.36000490       8.27853009E-03  -2.76749022E-02
   4.37000513       8.00178107E-03  -2.75230035E-02
   4.38000536       7.72655103E-03  -2.73604877E-02
   4.39000559       7.45294616E-03  -2.71876343E-02
   4.40000582       7.18106981E-03  -2.70048622E-02
   4.41000605       6.91102119E-03  -2.68121250E-02
   4.42000628       6.64289994E-03  -2.66100280E-02
   4.43000650       6.37679966E-03  -2.63988972E-02
   4.44000673       6.11281069E-03  -2.61786394E-02
   4.45000696       5.85102430E-03  -2.59499531E-02
   4.46000719       5.59152476E-03  -2.57128850E-02
   4.47000742       5.33439592E-03  -2.54678074E-02
   4.48000765       5.07971784E-03  -2.52149533E-02
   4.49000788       4.82756831E-03  -2.49546487E-02
   4.50000811       4.57802182E-03  -2.46871263E-02
   4.51000834       4.33115056E-03  -2.44127121E-02
   4.52000856       4.08702344E-03  -2.41315700E-02
   4.53000879       3.84570775E-03  -2.38441173E-02
   4.54000902       3.60726658E-03  -2.35505644E-02
   4.55000925       3.37176095E-03  -2.32510976E-02
   4.56000948       3.13924998E-03  -2.29460895E-02
   4.57000971       2.90978909E-03  -2.26357486E-02
   4.58000994       2.68343161E-03  -2.23204028E-02
   4.59001017       2.46022758E-03  -2.20001917E-02
   4.60001040       2.24022567E-03  -2.16754153E-02
   4.61001062       2.02347152E-03  -2.13464256E-02
   4.62001085       1.81000726E-03  -2.10132916E-02
   4.63001108       1.59987435E-03  -2.06763968E-02
   4.64001131       1.39311037E-03  -2.03359518E-02
   4.65001154       1.18975085E-03  -1.99921317E-02
   4.66001177       9.89829539E-04  -1.96452662E-02
   4.67001200       7.93376879E-04  -1.92955378E-02
   4.68001223       6.00421510E-04  -1.89431626E-02
   4.69001245       4.10989887E-04  -1.85884032E-02
   4.70001268       2.25105861E-04  -1.82314664E-02
   4.71001291       4.27912055E-05  -1.78725664E-02
   4.72001314      -1.35934461E-04  -1.75119285E-02
   4.73001337      -3.11053736E-04  -1.71497650E-02
   4.74001360      -4.82551375E-04  -1.67862829E-02
   4.75001383      -6.50414207E-04  -1.64216850E-02
   4.76001406      -8.14631057E-04  -1.60561819E-02
   4.77001429      -9.75192874E-04  -1.56899448E-02
   4.78001451      -1.13209232E-03  -1.53232487E-02
   4.79001474      -1.28532480E-03  -1.49561679E-02
   4.80001497      -1.43488648E-03  -1.45889940E-02
   4.81001520      -1.58077641E-03  -1.42218312E-02
   4.82001543      -1.72299473E-03  -1.38549488E-02
   4.83001566      -1.86154421E-03  -1.34884035E-02
   4.84001589      -1.99642824E-03  -1.31224981E-02
   4.85001612      -2.12765322E-03  -1.27573265E-02
   4.86001635      -2.25522649E-03  -1.23930862E-02
   4.87001657      -2.37915735E-03  -1.20298704E-02
   4.88001680      -2.49945605E-03  -1.16679585E-02
   4.89001703      -2.61613564E-03  -1.13073736E-02
   4.90001726      -2.72920937E-03  -1.09483721E-02
   4.91001749      -2.83869309E-03  -1.05910469E-02
   4.92001772      -2.94460356E-03  -1.02355611E-02
   4.93001795      -3.04695917E-03  -9.88205429E-03
   4.94001818      -3.14577972E-03  -9.53061972E-03
   4.95001841      -3.24108591E-03  -9.18146688E-03
   4.96001863      -3.33290058E-03  -8.83468892E-03
   4.97001886      -3.42124747E-03  -8.49035569E-03
   4.98001909      -3.50615103E-03  -8.14865343E-03
   4.99001932      -3.58763756E-03  -7.80972186E-03
   5.00001955      -3.66573478E-03  -7.47360755E-03
   5.01001978      -3.74047086E-03  -7.14040361E-03
   5.02002001      -3.81187489E-03  -6.81041274E-03
   5.03002024      -3.87997902E-03  -6.48337882E-03
   5.04002047      -3.94481281E-03  -6.15976751E-03
   5.05002069      -4.00641048E-03  -5.83943911E-03
   5.06002092      -4.06480487E-03  -5.52255660E-03
   5.07002115      -4.12003044E-03  -5.20930625E-03
   5.08002138      -4.17212350E-03  -4.89959493E-03
   5.09002161      -4.22111945E-03  -4.59360890E-03
   5.10002184      -4.26705554E-03  -4.29144129E-03
   5.11002207      -4.30996995E-03  -3.99304554E-03
   5.12002230      -4.34990041E-03  -3.69870104E-03
   5.13002253      -4.38688742E-03  -3.40826809E-03
   5.14002275      -4.42097010E-03  -3.12193297E-03
   5.15002298      -4.45218943E-03  -2.83969566E-03
   5.16002321      -4.48058639E-03  -2.56164931E-03
   5.17002344      -4.50620288E-03  -2.28788704E-03
   5.18002367      -4.52908175E-03  -2.01836228E-03
   5.19002390      -4.54926537E-03  -1.75316818E-03
   5.20002413      -4.56679706E-03  -1.49239786E-03
   5.21002436      -4.58172103E-03  -1.23605132E-03
   5.22002459      -4.59408155E-03  -9.84175131E-04
   5.23002481      -4.60392330E-03  -7.36722723E-04
   5.24002504      -4.61129053E-03  -4.93833795E-04
   5.25002527      -4.61622886E-03  -2.55601481E-04
   5.26002550      -4.61878488E-03  -2.18395144E-05
   5.27002573      -4.61900327E-03   2.07172707E-04
   5.28002596      -4.61693155E-03   4.31668013E-04
   5.29002619      -4.61261487E-03   6.51506707E-04
   5.30002642      -4.60609980E-03   8.66549090E-04
   5.31002665      -4.59743431E-03   1.07702799E-03
   5.32002687      -4.58666403E-03   1.28271058E-03
   5.33002710      -4.57383692E-03   1.48378313E-03
   5.34002733      -4.55899909E-03   1.68001279E-03
   5.35002756      -4.54219896E-03   1.87172554E-03
   5.36002779      -4.52348171E-03   2.05845572E-03
   5.37002802      -4.50289715E-03   2.24066898E-03
   5.38002825      -4.48049046E-03   2.41813250E-03
   5.39002848      -4.45630914E-03   2.59084627E-03
   5.40002871      -4.43040067E-03   2.75881030E-03
   5.41002893      -4.40281257E-03   2.92211771E-03
   5.42002916      -4.37359139E-03   3.08081508E-03
   5.43002939      -4.34278324E-03   3.23480926E-03
   5.44002962      -4.31043515E-03   3.38405371E-03
   5.45002985      -4.27659461E-03   3.52882780E-03
   5.46003008      -4.24130633E-03   3.66889872E-03
   5.47003031      -4.20461735E-03   3.80440615E-03
   5.48003054      -4.16657329E-03   3.93530354E-03
   5.49003077      -4.12722025E-03   4.06163745E-03
   5.50003099      -4.08660388E-03   4.18359414E-03
   5.51003122      -4.04476793E-03   4.30094078E-03
   5.52003145      -4.00175853E-03   4.41391021E-03
   5.53003168      -3.95761942E-03   4.52236272E-03
   5.54003191      -3.91239580E-03   4.62655444E-03
   5.55003214      -3.86613025E-03   4.72629908E-03
   5.56003237      -3.81886726E-03   4.82175965E-03
   5.57003260      -3.77064967E-03   4.91293613E-03
   5.58003283      -3.72152030E-03   4.99987509E-03
   5.59003305      -3.67152155E-03   5.08262310E-03
   5.60003328      -3.62069532E-03   5.16122673E-03
   5.61003351      -3.56908306E-03   5.23568597E-03
   5.62003374      -3.51672620E-03   5.30614052E-03
   5.63003397      -3.46366479E-03   5.37249725E-03
   5.64003420      -3.40993982E-03   5.43491915E-03
   5.65003443      -3.35559063E-03   5.49342949E-03
   5.66003466      -3.30065633E-03   5.54802828E-03
   5.67003489      -3.24517605E-03   5.59880864E-03
   5.68003511      -3.18918796E-03   5.64584043E-03
   5.69003534      -3.13272956E-03   5.68910036E-03
   5.70003557      -3.07583855E-03   5.72872814E-03
   5.71003580      -3.01855127E-03   5.76472376E-03
   5.72003603      -2.96090404E-03   5.79713378E-03
   5.73003626      -2.90293270E-03   5.82605135E-03
   5.74003649      -2.84467218E-03   5.85149974E-03
   5.75003672      -2.78615719E-03   5.87357208E-03
   5.76003695      -2.72742147E-03   5.89226838E-03
   5.77003717      -2.66849878E-03   5.90770505E-03
   5.78003740      -2.60942173E-03   5.91988210E-03
   5.79003763      -2.55022291E-03   5.92889264E-03
   5.80003786      -2.49093398E-03   5.93480654E-03
   5.81003809      -2.43158592E-03   5.93767036E-03
   5.82003832      -2.37220922E-03   5.93753066E-03
   5.83003855      -2.31283391E-03   5.93441073E-03
   5.84003878      -2.25348980E-03   5.92849683E-03
   5.85003901      -2.19420483E-03   5.91971911E-03
   5.86003923      -2.13500764E-03   5.90819400E-03
   5.87003946      -2.07592570E-03   5.89394476E-03
   5.88003969      -2.01698625E-03   5.87706454E-03
   5.89003992      -1.95821561E-03   5.85764647E-03
   5.90004015      -1.89963914E-03   5.83570218E-03
   5.91004038      -1.84128212E-03   5.81130153E-03
   5.92004061      -1.78316911E-03   5.78450272E-03
   5.93004084      -1.72532408E-03   5.75535232E-03
   5.94004107      -1.66777056E-03   5.72394347E-03
   5.95004129      -1.61053112E-03   5.69034601E-03
   5.96004152      -1.55362766E-03   5.65457158E-03
   5.97004175      -1.49708195E-03   5.61670167E-03
   5.98004198      -1.44091493E-03   5.57681778E-03
   5.99004221      -1.38514675E-03   5.53494319E-03
   6.00004244      -1.32979732E-03   5.49117103E-03
   6.01004267      -1.27488561E-03   5.44555951E-03
   6.02004290      -1.22043001E-03   5.39815519E-03
   6.03004313      -1.16644846E-03   5.34899300E-03
   6.04004335      -1.11295853E-03   5.29816607E-03
   6.05004358      -1.05997687E-03   5.24573261E-03
   6.06004381      -1.00751955E-03   5.19172754E-03
   6.07004404      -9.55602271E-04   5.13622072E-03
   6.08004427      -9.04240063E-04   5.07928804E-03
   6.09004450      -8.53447185E-04   5.02094626E-03
   6.10004473      -8.03237723E-04   4.96130669E-03
   6.11004496      -7.53624656E-04   4.90035769E-03
   6.12004519      -7.04621081E-04   4.83819749E-03
   6.13004541      -6.56239106E-04   4.77489084E-03
   6.14004564      -6.08490198E-04   4.71046101E-03
   6.15004587      -5.61385590E-04   4.64496575E-03
   6.16004610      -5.14935935E-04   4.57848376E-03
   6.17004633      -4.69151099E-04   4.51104715E-03
   6.18004656      -4.24040627E-04   4.44271415E-03
   6.19004679      -3.79613484E-04   4.37352853E-03
   6.20004702      -3.35878198E-04   4.30355454E-03
   6.21004725      -2.92842655E-04   4.23283223E-03
   6.22004747      -2.50514335E-04   4.16141562E-03
   6.23004770      -2.08900179E-04   4.08935454E-03
   6.24004793      -1.68006634E-04   4.01669415E-03
   6.25004816      -1.27839696E-04   3.94348567E-03
   6.26004839      -8.84048422E-05   3.86977382E-03
   6.27004862      -4.97071051E-05   3.79560632E-03
   6.28004885      -1.17510417E-05   3.72102810E-03
   6.29004908       2.54592396E-05   3.64608434E-03
   6.30004930       6.19200800E-05   3.57082114E-03
   6.31004953       9.76282900E-05   3.49527993E-03
   6.32004976       1.32581088E-04   3.41950078E-03
   6.33004999       1.66776095E-04   3.34353698E-03
   6.34005022       2.00211463E-04   3.26741580E-03
   6.35005045       2.32885621E-04   3.19118262E-03
   6.36005068       2.64797447E-04   3.11488984E-03
   6.37005091       2.95946345E-04   3.03855632E-03
   6.38005114       3.26331909E-04   2.96223443E-03
   6.39005136       3.55954253E-04   2.88595329E-03
   6.40005159       3.84813786E-04   2.80975667E-03
   6.41005182       4.12911351E-04   2.73367926E-03
   6.42005205       4.40248143E-04   2.65775318E-03
   6.43005228       4.66825673E-04   2.58201617E-03
   6.44005251       4.92645835E-04   2.50649755E-03
   6.45005274       5.17710811E-04   2.43123504E-03
   6.46005297       5.42023161E-04   2.35626358E-03
   6.47005320       5.65585797E-04   2.28161225E-03
   6.48005342       5.88401919E-04   2.20729853E-03
   6.49005365       6.10474905E-04   2.13336316E-03
   6.50005388       6.31808536E-04   2.05985270E-03
   6.51005411       6.52407063E-04   1.98676134E-03
   6.52005434       6.72274677E-04   1.91414147E-03
   6.53005457       6.91416091E-04   1.84201053E-03
   6.54005480       7.09836197E-04   1.77039183E-03
   6.55005503       7.27540115E-04   1.69933192E-03
   6.56005526       7.44533434E-04   1.62881915E-03
   6.57005548       7.60821626E-04   1.55889429E-03
   6.58005571       7.76410569E-04   1.48959225E-03
   6.59005594       7.91306491E-04   1.42093049E-03
   6.60005617       8.05515796E-04   1.35292066E-03
   6.61005640       8.19045003E-04   1.28557440E-03
   6.62005663       8.31900747E-04   1.21893827E-03
   6.63005686       8.44090129E-04   1.15301809E-03
   6.64005709       8.55620310E-04   1.08782551E-03
   6.65005732       8.66498565E-04   1.02339545E-03
   6.66005754       8.76732520E-04   9.59727913E-04
   6.67005777       8.86329799E-04   8.96840356E-04
   6.68005800       8.95298203E-04   8.34767707E-04
   6.69005823       9.03645880E-04   7.73509964E-04
   6.70005846       9.11380979E-04   7.13072950E-04
   6.71005869       9.18511709E-04   6.53474126E-04
   6.72005892       9.25046450E-04   5.94748417E-04
   6.73005915       9.30993934E-04   5.36884181E-04
   6.74005938       9.36362776E-04   4.79898881E-04
   6.75005960       9.41161765E-04   4.23804158E-04
   6.76005983       9.45399806E-04   3.68605834E-04
   6.77006006       9.49085865E-04   3.14338831E-04
   6.78006029       9.52229253E-04   2.60956585E-04
   6.79006052       9.54838819E-04   2.08528945E-04
   6.80006075       9.56924108E-04   1.57032628E-04
   6.81006098       9.58494435E-04   1.06473453E-04
   6.82006121       9.59559169E-04   5.68630639E-05
   6.83006144       9.60127800E-04   8.20728019E-06
   6.84006166       9.60209873E-04  -3.94822564E-05
   6.85006189       9.59815050E-04  -8.62230081E-05
   6.86006212       9.58952820E-04  -1.31985871E-04
   6.87006235       9.57632961E-04  -1.76782487E-04
   6.88006258       9.55865136E-04  -2.20595393E-04
   6.89006281       9.53659182E-04  -2.63436232E-04
   6.90006304       9.51024820E-04  -3.05305002E-04
   6.91006327       9.47971770E-04  -3.46178422E-04
   6.92006350       9.44509986E-04  -3.86085594E-04
   6.93006372       9.40649130E-04  -4.25003236E-04
   6.94006395       9.36399098E-04  -4.62937169E-04
   6.95006418       9.31769726E-04  -4.99904854E-04
   6.96006441       9.26770677E-04  -5.35883009E-04
   6.97006464       9.21411847E-04  -5.70883276E-04
   6.98006487       9.15703014E-04  -6.04911475E-04
   6.99006510       9.09653900E-04  -6.37961784E-04
   7.00006533       9.03274282E-04  -6.70045847E-04
   7.01006556       8.96573823E-04  -7.01163663E-04
   7.02006578       8.89562187E-04  -7.31309410E-04
   7.03006601       8.82249093E-04  -7.60506373E-04
   7.04006624       8.74644029E-04  -7.88742909E-04
   7.05006647       8.66756600E-04  -8.16036481E-04
   7.06006670       8.58596235E-04  -8.42375448E-04
   7.07006693       8.50172481E-04  -8.67788913E-04
   7.08006716       8.41494591E-04  -8.92253593E-04
   7.09006739       8.32572056E-04  -9.15804412E-04
   7.10006762       8.23414011E-04  -9.38429730E-04
   7.11006784       8.14029714E-04  -9.60147008E-04
   7.12006807       8.04428244E-04  -9.80956247E-04
   7.13006830       7.94618682E-04  -1.00086909E-03
   7.14006853       7.84609991E-04  -1.01989135E-03
   7.15006876       7.74411077E-04  -1.03802304E-03
   7.16006899       7.64030847E-04  -1.05529907E-03
   7.17006922       7.53477856E-04  -1.07170199E-03
   7.18006945       7.42760836E-04  -1.08724926E-03
   7.19006968       7.31888344E-04  -1.10194669E-03
   7.20006990       7.20868877E-04  -1.11581176E-03
   7.21007013       7.09710759E-04  -1.12885609E-03
   7.22007036       6.98422198E-04  -1.14107388E-03
   7.23007059       6.87011459E-04  -1.15248840E-03
   7.24007082       6.75486575E-04  -1.16310548E-03
   7.25007105       6.63855521E-04  -1.17293675E-03
   7.26007128       6.52126153E-04  -1.18199387E-03
   7.27007151       6.40306214E-04  -1.19028264E-03
   7.28007174       6.28403388E-04  -1.19782635E-03
   7.29007196       6.16425124E-04  -1.20461918E-03
   7.30007219       6.04378933E-04  -1.21068442E-03
   7.31007242       5.92272088E-04  -1.21602789E-03
   7.32007265       5.80111810E-04  -1.22067286E-03
   7.33007288       5.67905081E-04  -1.22460769E-03
   7.34007311       5.55659004E-04  -1.22787314E-03
   7.35007334       5.43380273E-04  -1.23045174E-03
   7.36007357       5.31075755E-04  -1.23237842E-03
   7.37007380       5.18751971E-04  -1.23365317E-03
   7.38007402       5.06415439E-04  -1.23429927E-03
   7.39007425       4.94072447E-04  -1.23431382E-03
   7.40007448       4.81729308E-04  -1.23371428E-03
   7.41007471       4.69392166E-04  -1.23252685E-03
   7.42007494       4.57066897E-04  -1.23074569E-03
   7.43007517       4.44759440E-04  -1.22839410E-03
   7.44007540       4.32475499E-04  -1.22547790E-03
   7.45007563       4.20220720E-04  -1.22200872E-03
   7.46007586       4.08000633E-04  -1.21801277E-03
   7.47007608       3.95820505E-04  -1.21349003E-03
   7.48007631       3.83685605E-04  -1.20845216E-03
   7.49007654       3.71601083E-04  -1.20291661E-03
   7.50007677       3.59571917E-04  -1.19689794E-03
   7.51007700       3.47602938E-04  -1.19040778E-03
   7.52007723       3.35698860E-04  -1.18344906E-03
   7.53007746       3.23864369E-04  -1.17605086E-03
   7.54007769       3.12103861E-04  -1.16821029E-03
   7.55007792       3.00421758E-04  -1.15995354E-03
   7.56007814       2.88822223E-04  -1.15128059E-03
   7.57007837       2.77309417E-04  -1.14220602E-03
   7.58007860       2.65887356E-04  -1.13275601E-03
   7.59007883       2.54559796E-04  -1.12292625E-03
   7.60007906       2.43330534E-04  -1.11273408E-03
   7.61007929       2.32203194E-04  -1.10219850E-03
   7.62007952       2.21181210E-04  -1.09131797E-03
   7.63007975       2.10268030E-04  -1.08011882E-03
   7.64007998       1.99466842E-04  -1.06860534E-03
   7.65008020       1.88780788E-04  -1.05678919E-03
   7.66008043       1.78212897E-04  -1.04468782E-03
   7.67008066       1.67766018E-04  -1.03230414E-03
   7.68008089       1.57442977E-04  -1.01965561E-03
   7.69008112       1.47246421E-04  -1.00675540E-03
   7.70008135       1.37178868E-04  -9.93610593E-04
   7.71008158       1.27242762E-04  -9.80233774E-04
   7.72008181       1.17440424E-04  -9.66637919E-04
   7.73008204       1.07774045E-04  -9.52831062E-04
   7.74008226       9.82457350E-05  -9.38826997E-04
   7.75008249       8.88574650E-05  -9.24635970E-04
   7.76008272       7.96111053E-05  -9.10267408E-04
   7.77008295       7.05084312E-05  -8.95732257E-04
   7.78008318       6.15511090E-05  -8.81042448E-04
   7.79008341       5.27406846E-05  -8.66207120E-04
   7.80008364       4.40786134E-05  -8.51236866E-04
   7.81008387       3.55662451E-05  -8.36141058E-04
   7.82008410       2.72048346E-05  -8.20931222E-04
   7.83008432       1.89955226E-05  -8.05615506E-04
   7.84008455       1.09393677E-05  -7.90204504E-04
   7.85008478       3.03732349E-06  -7.74707354E-04
   7.86008501      -4.70974965E-06  -7.59133662E-04
   7.87008524      -1.23010859E-05  -7.43492390E-04
   7.88008547      -1.97360096E-05  -7.27793144E-04
   7.89008570      -2.70139408E-05  -7.12043955E-04
   7.90008593      -3.41343803E-05  -6.96254952E-04
   7.91008615      -4.10969296E-05  -6.80433004E-04
   7.92008638      -4.79012597E-05  -6.64587424E-04
   7.93008661      -5.45471339E-05  -6.48728397E-04
   7.94008684      -6.10344177E-05  -6.32860232E-04
   7.95008707      -6.73630202E-05  -6.16993231E-04
   7.96008730      -7.35329522E-05  -6.01136708E-04
   7.97008753      -7.95443193E-05  -5.85294794E-04
   7.98008776      -8.53972670E-05  -5.69477561E-04
   7.99008799      -9.10920426E-05  -5.53665450E-04
   8.00008774      -9.66286971E-05  -5.37945016E-04
   8.01008797      -1.02008147E-04  -5.22242801E-04
   8.02008820      -1.07230575E-04  -5.06592216E-04
   8.03008842      -1.12296497E-04  -4.91002749E-04
   8.04008865      -1.17206524E-04  -4.75477282E-04
   8.05008888      -1.21961297E-04  -4.60026058E-04
   8.06008911      -1.26561557E-04  -4.44649777E-04
   8.07008934      -1.31008055E-04  -4.29360080E-04
   8.08008957      -1.35301656E-04  -4.14160604E-04
   8.09008980      -1.39443262E-04  -3.99054261E-04
   8.10009003      -1.43433805E-04  -3.84055602E-04
   8.11009026      -1.47274361E-04  -3.69158806E-04
   8.12009048      -1.50965949E-04  -3.54372605E-04
   8.13009071      -1.54509675E-04  -3.39710095E-04
   8.14009094      -1.57906776E-04  -3.25164001E-04
   8.15009117      -1.61158416E-04  -3.10747419E-04
   8.16009140      -1.64265890E-04  -2.96464714E-04
   8.17009163      -1.67230537E-04  -2.82312976E-04
   8.18009186      -1.70053667E-04  -2.68305303E-04
   8.19009209      -1.72736720E-04  -2.54441693E-04
   8.20009232      -1.75281137E-04  -2.40726513E-04
   8.21009254      -1.77688402E-04  -2.27162673E-04
   8.22009277      -1.79960029E-04  -2.13755993E-04
   8.23009300      -1.82097589E-04  -2.00507930E-04
   8.24009323      -1.84102668E-04  -1.87427213E-04
   8.25009346      -1.85976940E-04  -1.74505112E-04
   8.26009369      -1.87721991E-04  -1.61757634E-04
   8.27009392      -1.89339567E-04  -1.49183325E-04
   8.28009415      -1.90831401E-04  -1.36780727E-04
   8.29009438      -1.92199208E-04  -1.24560029E-04
   8.30009460      -1.93444808E-04  -1.12515409E-04
   8.31009483      -1.94569962E-04  -1.00655598E-04
   8.32009506      -1.95576518E-04  -8.89820512E-05
   8.33009529      -1.96466339E-04  -7.74918590E-05
   8.34009552      -1.97241257E-04  -6.61966624E-05
   8.35009575      -1.97903224E-04  -5.50848199E-05
   8.36009598      -1.98454072E-04  -4.41723387E-05
   8.37009621      -1.98895796E-04  -3.34504875E-05
   8.38009644      -1.99230300E-04  -2.29265424E-05
   8.39009666      -1.99459566E-04  -1.25990482E-05
   8.40009689      -1.99585556E-04  -2.46800482E-06
   8.41009712      -1.99610236E-04   7.46076694E-06
   8.42009735      -1.99535629E-04   1.71930878E-05
   8.43009758      -1.99363698E-04   2.67202267E-05
   8.44009781      -1.99096496E-04   3.60465492E-05
   8.45009804      -1.98736030E-04   4.51706001E-05
   8.46009827      -1.98284324E-04   5.40938345E-05
   8.47009850      -1.97743386E-04   6.28089765E-05
   8.48009872      -1.97115296E-04   7.13276677E-05
   8.49009895      -1.96402019E-04   7.96339009E-05
   8.50009918      -1.95605680E-04   8.77422281E-05
   8.51009941      -1.94728258E-04   9.56424628E-05
   8.52009964      -1.93771833E-04   1.03343336E-04
   8.53009987      -1.92738400E-04   1.10836118E-04
   8.54010010      -1.91630039E-04   1.18128082E-04
   8.55010033      -1.90448758E-04   1.25217775E-04
   8.56010056      -1.89196580E-04   1.32103742E-04
   8.57010078      -1.87875543E-04   1.38788891E-04
   8.58010101      -1.86487654E-04   1.45271770E-04
   8.59010124      -1.85034936E-04   1.51555287E-04
   8.60010147      -1.83519383E-04   1.57637987E-04
   8.61010170      -1.81943004E-04   1.63524237E-04
   8.62010193      -1.80307761E-04   1.69211125E-04
   8.63010216      -1.78615650E-04   1.74704473E-04
   8.64010239      -1.76868605E-04   1.79999915E-04
   8.65010262      -1.75068606E-04   1.85100362E-04
   8.66010284      -1.73217602E-04   1.90011633E-04
   8.67010307      -1.71317486E-04   1.94729364E-04
   8.68010330      -1.69370192E-04   1.99257920E-04
   8.69010353      -1.67377613E-04   2.03598756E-04
   8.70010376      -1.65341626E-04   2.07751873E-04
   8.71010399      -1.63264107E-04   2.11720180E-04
   8.72010422      -1.61146905E-04   2.15503678E-04
   8.73010445      -1.58991868E-04   2.19108188E-04
   8.74010468      -1.56800786E-04   2.22532253E-04
   8.75010490      -1.54575464E-04   2.25775875E-04
   8.76010513      -1.52317705E-04   2.28846329E-04
   8.77010536      -1.50029242E-04   2.31742160E-04
   8.78010559      -1.47711820E-04   2.34464824E-04
   8.79010582      -1.45367172E-04   2.37018685E-04
   8.80010605      -1.42996985E-04   2.39403744E-04
   8.81010628      -1.40602948E-04   2.41622911E-04
   8.82010651      -1.38186719E-04   2.43682007E-04
   8.83010674      -1.35749899E-04   2.45573756E-04
   8.84010696      -1.33294161E-04   2.47309799E-04
   8.85010719      -1.30821063E-04   2.48888682E-04
   8.86010742      -1.28332176E-04   2.50314770E-04
   8.87010765      -1.25829029E-04   2.51585152E-04
   8.88010788      -1.23313177E-04   2.52710015E-04
   8.89010811      -1.20786077E-04   2.53683538E-04
   8.90010834      -1.18249241E-04   2.54513725E-04
   8.91010857      -1.15704104E-04   2.55202758E-04
   8.92010880      -1.13152077E-04   2.55749183E-04
   8.93010902      -1.10594585E-04   2.56161002E-04
   8.94010925      -1.08032975E-04   2.56436033E-04
   8.95010948      -1.05468614E-04   2.56580097E-04
   8.96010971      -1.02902814E-04   2.56592466E-04
   8.97010994      -1.00336889E-04   2.56478233E-04
   8.98011017      -9.77721065E-05   2.56240310E-04
   8.99011040      -9.52097034E-05   2.55879422E-04
   9.00011063      -9.26509092E-05   2.55399937E-04
   9.01011086      -9.00969098E-05   2.54801125E-04
   9.02011108      -8.75488986E-05   2.54089537E-04
   9.03011131      -8.50080032E-05   2.53267353E-04
   9.04011154      -8.24753297E-05   2.52334576E-04
   9.05011177      -7.99519839E-05   2.51296296E-04
   9.06011200      -7.74390210E-05   2.50152516E-04
   9.07011223      -7.49374958E-05   2.48909782E-04
   9.08011246      -7.24483980E-05   2.47567368E-04
   9.09011269      -6.99727243E-05   2.46128911E-04
   9.10011292      -6.75114352E-05   2.44596595E-04
   9.11011314      -6.50654692E-05   2.42974784E-04
   9.12011337      -6.26357214E-05   2.41263115E-04
   9.13011360      -6.02230903E-05   2.39468136E-04
   9.14011383      -5.78284089E-05   2.37588756E-04
   9.15011406      -5.54525213E-05   2.35628613E-04
   9.16011429      -5.30962352E-05   2.33590981E-04
   9.17011452      -5.07603254E-05   2.31479135E-04
   9.18011475      -4.84455340E-05   2.29293437E-04
   9.19011497      -4.61525997E-05   2.27037526E-04
   9.20011520      -4.38822244E-05   2.24713949E-04
   9.21011543      -4.16350849E-05   2.22325616E-04
   9.22011566      -3.94118288E-05   2.19874346E-04
   9.23011589      -3.72130853E-05   2.17361958E-04
   9.24011612      -3.50394657E-05   2.14792817E-04
   9.25011635      -3.28915376E-05   2.12167652E-04
   9.26011658      -3.07698610E-05   2.09489925E-04
   9.27011681      -2.86749619E-05   2.06760713E-04
   9.28011703      -2.66073548E-05   2.03983844E-04
   9.29011726      -2.45675164E-05   2.01160947E-04
   9.30011749      -2.25559070E-05   1.98293856E-04
   9.31011772      -2.05729684E-05   1.95386019E-04
   9.32011795      -1.86191082E-05   1.92438529E-04
   9.33011818      -1.66947229E-05   1.89454397E-04
   9.34011841      -1.48001791E-05   1.86435602E-04
   9.35011864      -1.29358232E-05   1.83384152E-04
   9.36011887      -1.11019817E-05   1.80302421E-04
   9.37011909      -9.29895759E-06   1.77192487E-04
   9.38011932      -7.52703272E-06   1.74056331E-04
   9.39011955      -5.78646950E-06   1.70896194E-04
   9.40011978      -4.07750758E-06   1.67713937E-04
   9.41012001      -2.40036820E-06   1.64511774E-04
   9.42012024      -7.55250483E-07   1.61291522E-04
   9.43012047       8.57664759E-07   1.58055205E-04
   9.44012070       2.43821682E-06   1.54804758E-04
   9.45012093       3.98626435E-06   1.51542015E-04
   9.46012115       5.50168443E-06   1.48268824E-04
   9.47012138       6.98437270E-06   1.44987003E-04
   9.48012161       8.43424277E-06   1.41698634E-04
   9.49012184       9.85122915E-06   1.38404997E-04
   9.50012207       1.12352791E-05   1.35108261E-04
   9.51012230       1.25863617E-05   1.31809618E-04
   9.52012253       1.39044578E-05   1.28511325E-04
   9.53012276       1.51895711E-05   1.25214690E-04
   9.54012299       1.64417179E-05   1.21921221E-04
   9.55012321       1.76609301E-05   1.18632852E-04
   9.56012344       1.88472586E-05   1.15350667E-04
   9.57012367       2.00007653E-05   1.12076305E-04
   9.58012390       2.11215283E-05   1.08811219E-04
   9.59012413       2.22096405E-05   1.05557228E-04
   9.60012436       2.32652128E-05   1.02315425E-04
   9.61012459       2.42883671E-05   9.90869012E-05
   9.62012482       2.52792361E-05   9.58734745E-05
   9.63012505       2.62379708E-05   9.26762368E-05
   9.64012527       2.71647332E-05   8.94960976E-05
   9.65012550       2.80596942E-05   8.63352398E-05
   9.66012573       2.89230466E-05   8.31934813E-05
   9.67012596       2.97549814E-05   8.00733687E-05
   9.68012619       3.05557151E-05   7.69749022E-05
   9.69012642       3.13254641E-05   7.39004463E-05
   9.70012665       3.20644685E-05   7.08492735E-05
   9.71012688       3.27729613E-05   6.78239303E-05
   9.72012711       3.34512006E-05   6.48255082E-05
   9.73012733       3.40994557E-05   6.18532795E-05
   9.74012756       3.47179885E-05   5.89097908E-05
   9.75012779       3.53070864E-05   5.59957698E-05
   9.76012802       3.58670441E-05   5.31108526E-05
   9.77012825       3.63981526E-05   5.02579496E-05
   9.78012848       3.69007321E-05   4.74359695E-05
   9.79012871       3.73750918E-05   4.46460035E-05
   9.80012894       3.78215518E-05   4.18902346E-05
   9.81012917       3.82404542E-05   3.91672074E-05
   9.82012939       3.86321262E-05   3.64794687E-05
   9.83012962       3.89969209E-05   3.38266545E-05
   9.84012985       3.93351875E-05   3.12091288E-05
   9.85013008       3.96472788E-05   2.86290742E-05
   9.86013031       3.99335695E-05   2.60853994E-05
   9.87013054       4.01944235E-05   2.35784682E-05
   9.88013077       4.04302082E-05   2.11100996E-05
   9.89013100       4.06413092E-05   1.86806574E-05
   9.90013123       4.08281157E-05   1.62897777E-05
   9.91013145       4.09910135E-05   1.39374606E-05
   9.92013168       4.11303881E-05   1.16258889E-05
   9.93013191       4.12466470E-05   9.35324351E-06
   9.94013214       4.13401795E-05   7.12207111E-06
   9.95013237       4.14114002E-05   4.93055268E-06
   9.96013260       4.14607057E-05   2.78050720E-06
   9.97013283       4.14885108E-05   6.72298484E-07
   9.98013306       4.14952337E-05  -1.39589247E-06
   9.99013329       4.14812748E-05  -3.42115527E-06
